#superficie
#vertices 10 4
#v00 -16.0 -16.0  24.0
#v01 -16.0  16.0  24.0
#v02  16.0  16.0  24.0
#v03  16.0 -16.0  24.0
#v10 -12.0 -12.0  16.0
#v11 -12.0  12.0  16.0
#v12  12.0  12.0  16.0
#v13  12.0 -12.0  16.0
#v20 -08.0 -08.0  08.0
#v21 -08.0  08.0  08.0
#v22  08.0  08.0  08.0
#v23  08.0 -08.0  08.0
#v30 -08.0 -08.0 -08.0
#v31 -08.0  08.0 -08.0
#v32  08.0  08.0 -08.0
#v33  08.0 -08.0 -08.0
#v40 -08.0 -08.0 -24.0
#v41 -08.0  08.0 -24.0
#v42  08.0  08.0 -24.0
#v43  08.0 -08.0 -24.0
#v50  0.0  0.0  -24.0
#v51  0.0  0.0  -24.0
#v52  0.0  0.0  -24.0
#v53  0.0  0.0  -24.0 
#v60 -04.0 -04.0  -28.0
#v61 -04.0  04.0  -28.0
#v62  04.0  04.0  -28.0
#v63  04.0 -04.0  -28.0
#v70 -06.0 -06.0 -32.0
#v71 -06.0  06.0 -32.0
#v72  06.0  06.0 -32.0
#v73  06.0 -06.0 -32.0 
#v80 -12.0 -12.0 -38.0
#v81 -12.0  12.0 -38.0
#v82  12.0  12.0 -38.0
#v83  12.0 -12.0 -38.0
#v90 -18.0 -18.0 -42.0
#v91 -18.0  18.0 -42.0
#v92  18.0  18.0 -42.0
#v93  18.0 -18.0 -42.0

