#superficie
#vertices 10 4
#v00 -20.0 -20.0  20.0
#v01 -20.0  20.0  20.0
#v02  20.0  20.0  20.0
#v03  20.0 -20.0  20.0
#v10 -20.0 -20.0  10.0
#v11 -20.0  20.0  10.0
#v12  20.0  20.0  10.0
#v13  20.0 -20.0  10.0
#v20 -20.0 -20.0   0.0
#v21 -20.0  20.0   0.0
#v22  20.0  20.0   0.0
#v23  20.0 -20.0   0.0
#v30 -20.0 -20.0 -10.0
#v31 -20.0  20.0 -10.0
#v32  20.0  20.0 -10.0
#v33  20.0 -20.0 -10.0
#v40 -20.0 -20.0 -20.0
#v41 -20.0  20.0 -20.0
#v42  20.0  20.0 -20.0
#v43  20.0 -20.0 -20.0
#v50 -20.0 -20.0 -20.0
#v51 -20.0  20.0 -20.0
#v52  20.0  20.0 -20.0
#v53  20.0 -20.0 -20.0
#v60 -20.0 -20.0  20.0
#v61 -20.0  20.0  20.0
#v62  20.0  20.0  20.0
#v63  20.0 -20.0  20.0
#v70 -20.0 -20.0  20.0
#v71 -20.0  20.0  20.0
#v72  20.0  20.0  20.0
#v73  20.0 -20.0  20.0
#v80 -20.0 -20.0  20.0
#v81 -20.0  20.0  20.0
#v82  20.0  20.0  20.0
#v83  20.0 -20.0  20.0
#v90 -20.0 -20.0  20.0
#v91 -20.0  20.0  20.0
#v92  20.0  20.0  20.0
#v93  20.0 -20.0  20.0

