#superficie
#vertices 10 4
#v00  0.0  0.0  40.0
#v01  0.0  0.0  40.0
#v02  0.0  0.0  40.0
#v03  0.0  0.0  40.0
#v10 -12.0  -12.0  30.0
#v11 -12.0   12.0  30.0
#v12  12.0   12.0  30.0
#v13  12.0  -12.0  30.0
#v20 -20.0  -20.0  12.0
#v21 -20.0   20.0  12.0
#v22  20.0   20.0  12.0
#v23  20.0  -20.0  12.0
#v30 -24.0  -24.0   0.0
#v31 -24.0   24.0   0.0
#v32  24.0   24.0   0.0
#v33  24.0  -24.0   0.0
#v40 -20.0  -20.0 -12.0
#v41 -20.0   20.0 -12.0
#v42  20.0   20.0 -12.0
#v43  20.0  -20.0 -12.0
#v50 -12.0  -12.0 -30.0
#v51 -12.0   12.0 -30.0
#v52  12.0   12.0 -30.0
#v53  12.0  -12.0 -30.0
#v60  0.0   0.0  -40.0
#v61  0.0   0.0  -40.0
#v62  0.0   0.0  -40.0
#v63  0.0   0.0  -40.0
#v70  0.0   0.0  -40.0
#v71  0.0   0.0  -40.0
#v72  0.0   0.0  -40.0
#v73  0.0   0.0  -40.0
#v80  0.0   0.0  -40.0
#v81  0.0   0.0  -40.0
#v82  0.0   0.0  -40.0
#v83  0.0   0.0  -40.0
#v90  0.0   0.0  -40.0
#v91  0.0   0.0  -40.0
#v92  0.0   0.0  -40.0
#v93  0.0   0.0  -40.0

